V: 0.378024 0.545211 0.640403 || -1.068958 -0.481107 0.561693 || 0.460053 -1.095252 -0.577054 || 0.198839 1.077796 -0.682463 || 1.060739 1.373164 -0.723115 || 0.161829 -1.159987 -1.706320 || 0.039016 0.676862 0.622015 || -0.788906 -0.437339 -0.400488 || -1.359995 0.485555 1.040725 || 0.646287 0.055289 0.411390 || -1.268214 1.074131 0.584679 || 0.008655 -0.592103 0.395507 || -0.264262 -0.487297 -1.688796 || 0.905854 0.130842 0.702301 || -0.700365 -0.408724 -1.521469 || -1.064948 1.048318 0.905022 || 
Mass: 2.000000 || 0.000000 || 0.000000 || 0.000000 || 0.000000 || 0.000000 || 0.000000 || 0.000000 || 74922952976463886612494639615534525265225649798966677392892387483161181263696273328494175337183569571031983095237201100666603071569423424169407163557637775218342900125680904049529227457647208929519363737595668997040750422300188026968362339945938944.000000 || 0.005000 || 0.002500 || 0.000000 || 0.000000 || 16920071172525382285473125425930026455059225750565119522777865124712019447860338814225844729775420856359922438758568758850413809874236159358595359738524412104577874239900167886037697955889152.000000 || 10589246342251358090997449139234627623056451755240821348127726367574270708878985113278288483606729164319343270646915331883419249485806695294377605875108000780781466778198364969505790109913194980835559245252579557376.000000 || 0.000000 || 
Type: 0 || 0 || 0 || 0 || 0 || 0 || 0 || 0 || 0 || 0 || 0 || 0 || 0 || 0 || 0 || 0 || 
Got: 65.100000